image: submap_0.pgm
resolution: 0.025000
origin: [-14.731968, -13.009910, 0.000000]
negate: 0
occupied_thresh: 0.65
free_thresh: 0.196

